name = flegrei_20240520_181003
time = 2024-05-20 18:10:03.000
latitude = 40.8277
longitude = 14.138
magnitude = 3.86663
moment = 7.07863e+14
depth = 3259.076558
mnn = 5.05772e+14
mee = 4.47692e+13
mdd = -5.50542e+14
mne = -2.60261e+14
mnd = -3.2972e+14
med = 2.10157e+14
strike1 = 60.7228
dip1 = 61.8964
rake1 = -95.2129
strike2 = 251.684
dip2 = 28.5441
rake2 = -80.3445
--------------------------------------------
