name = flegrei_2024_05_22_06_28_00
time = 2024-05-22 06:28:00.380
latitude = 40.8292355725
longitude = 14.1354734489
magnitude = 2.09343
moment = 1.54933e+12
depth = 2785.666402
mnn = -3.10747e+11
mee = 1.31119e+12
mdd = -2.29589e+11
mne = 5.43107e+11
mnd = 2.30988e+11
med = 1.05729e+12
strike1 = 136.696
dip1 = 22.3366
rake1 = -125.806
strike2 = 354.647
dip2 = 72.0481
rake2 = -76.4835
tags = GOSSIP_id:36310, mag:3.6, INGV_id:38797691, mag:3.6
--------------------------------------------
